   K      RHOKP      DRHOKP      RHOKN     DRHOKN
 ****  ************  *********  ***********  *********
  0    1442.5        1.3156     519.09        .67563
   .1  1290.5         .95552    472.55        .48203
   .2   951.5         .48571    366.22        .26693
   .3   614.9         .21874    254.11        .13544
   .4   368.7         .10424    164.46        .06781
   .5   213           .060494   101.94        .03831
   .6   121.21        .040883    61.513       .025705
   .7    68.69        .028143    36.613       .018335
   .8    39.04        .018811    21.705       .012767
   .9    22.33        .012248    12.91        .0084918
  1      12.886       .0080858    7.7372      .0054646
  1.1     7.515       .0058442    4.6971      .0035864
  1.2     4.442       .0049253    2.9017      .0027354
  1.3     2.67        .0045449    1.8312      .0024884
  1.4     1.6388      .0043149    1.1879      .0024612
  1.5     1.0356      .0040226     .7966      .002406
  1.6      .6819      .0036662     .5556      .0022853
  1.7      .4716      .0032753     .404       .0021093
  1.8      .3445      .0028633     .3061      .0018988
  1.9      .26705     .0024719     .24127     .0016736
  2        .21745     .0020904     .19626     .0014465
  2.1      .18243     .0017551     .16321     .0012326
  2.2      .15554     .0014482     .13763     .0010328
  2.3      .13538     .0011845     .11763    8.5445E-4
  2.4      .11977    9.5488E-4     .10161    6.9614E-4
  2.5      .10563    7.6205E-4     .0879     5.5993E-4
  2.6      .09286    6.0097E-4     .07606    4.4421E-4
  2.7      .08209    4.7016E-4     .06601    3.4818E-4
  2.8      .07293    3.6564E-4     .05748    2.7014E-4
  2.9      .06453    2.8526E-4     .04999    2.0845E-4
  3        .05672    2.2468E-4     .04333    1.6101E-4
  3.1      .04978    1.8224E-4     .03752    1.2665E-4
  3.2      .04355    1.5295E-4     .03242    1.0297E-4
  3.3      .03795    1.3462E-4     .02794    8.813E-5
  3.4      .03295    1.2247E-4     .024011   7.9202E-5
  3.5      .02857    1.1417E-4     .020607   7.3742E-5
  3.6      .02476    1.0706E-4     .017671   6.9777E-5
  3.7      .02139    1.0043E-4     .015107   6.6222E-5
  3.8      .018385   9.3611E-5     .012884   6.2455E-5
  3.9      .015764   8.654E-5      .010961   5.8388E-5
  4        .013496   7.9126E-5     .009306   5.3945E-5
  4.1      .011515   7.1638E-5     .007879   4.9283E-5
  4.2      .00978    6.4226E-5     .00665    4.4503E-5
  4.3      .008296   5.6928E-5     .005601   3.9721E-5
  4.4      .007031   4.9929E-5     .004705   3.5064E-5
  4.5      .005935   4.3327E-5     .003942   3.0589E-5
  4.6      .004987   3.723E-5      .0032918  2.6414E-5
  4.7      .004181   3.1662E-5     .0027423  2.2557E-5
  4.8      .003496   2.6633E-5     .0022783  1.9067E-5
  4.9      .00291    2.2213E-5     .0018856  1.5943E-5
  5        .002412   1.8316E-5     .001556   1.3195E-5
  5.1      .0019932  1.4978E-5     .0012804  1.0791E-5
  5.2      .0016405  1.2134E-5     .0010486  8.7334E-6
  5.3      .0013418  9.7553E-6    8.545E-4   6.9918E-6
  5.4      .0010922  7.7857E-6    6.936E-4   5.5351E-6
  5.5     8.873E-4   6.2547E-6    5.612E-4   4.3638E-6
  5.6     7.199E-4   5.047E-6     4.5266E-4  3.4347E-6
  5.7     5.81E-4    4.1602E-6    3.6333E-4  2.7344E-6
  5.8     4.659E-4   3.5402E-6    2.9009E-4  2.2345E-6
  5.9     3.717E-4   3.1121E-6    2.3058E-4  1.8989E-6
  6       2.945E-4   2.8181E-6    1.8231E-4  1.6854E-6
  6.1     2.311E-4   2.6164E-6    1.4306E-4  1.5548E-6
  6.2     1.8E-4     2.4507E-6    1.1146E-4  1.4689E-6
  6.3     1.3986E-4  2.3032E-6    8.64E-5    1.3956E-6
  6.4     1.0853E-4  2.149E-6     6.675E-5   1.3246E-6
  6.5     8.377E-5   2.0103E-6    5.128E-5   1.2537E-6
  6.6     6.438E-5   1.8515E-6    3.9149E-5  1.174E-6
  6.7     4.911E-5   1.6964E-6    2.9716E-5  1.0872E-6
  6.8     3.686E-5   1.5437E-6    2.238E-5   1.0033E-6
  6.9     2.748E-5   1.3974E-6    1.6815E-5  9.1448E-7
  7       2.0912E-5  1.2385E-6    1.2716E-5  8.1963E-7
  7.1     1.6322E-5  1.1002E-6    9.682E-6   7.3257E-7
  7.2     1.276E-5   9.7901E-7    7.373E-6   6.5351E-7
  7.3     9.91E-6    8.4532E-7    5.601E-6   5.7135E-7
  7.4     7.672E-6   7.3283E-7    4.274E-6   4.9505E-7
  7.5     5.981E-6   6.381E-7     3.328E-6   4.3351E-7
  7.6     4.994E-6   5.5413E-7    2.7262E-6  3.7248E-7
  7.7     4.684E-6   4.5432E-7    2.4067E-6  3.1425E-7
  7.8     4.559E-6   4.0681E-7    2.2415E-6  2.7741E-7
  7.9     4.256E-6   3.5839E-7    2.0925E-6  2.4205E-7
  8       3.87E-6    2.8146E-7    1.9004E-6  1.9199E-7
  8.1     3.545E-6   2.4999E-7    1.7114E-6  1.6349E-7
  8.2     3.342E-6   2.4062E-7    1.6007E-6  1.5847E-7
  8.3     3.38E-6    2.0284E-7    1.5926E-6  1.3343E-7
  8.4     3.626E-6   1.5778E-7    1.65E-6    1.0946E-7
  8.5     3.767E-6   1.9058E-7    1.7065E-6  1.1547E-7
  8.6     3.652E-6   1.7267E-7    1.7011E-6  1.0364E-7
  8.7     3.423E-6   1.2351E-7    1.6182E-6  7.9611E-8
  8.8     3.159E-6   1.5188E-7    1.4985E-6  9.8135E-8
  8.9     2.854E-6   1.6739E-7    1.3975E-6  1.0671E-7
  9       2.623E-6   1.2477E-7    1.327E-6   7.8958E-8
  9.1     2.523E-6   1.2568E-7    1.2645E-6  7.8726E-8
  9.2     2.402E-6   1.6584E-7    1.1796E-6  1.0208E-7
  9.3     2.158E-6   1.3272E-7    1.0549E-6  8.9651E-8
  9.4     1.8855E-6  1.0202E-7    9.156E-7   7.0279E-8
  9.5     1.6732E-6  1.3801E-7    8.153E-7   8.4809E-8
  9.6     1.5545E-6  1.3543E-7    7.829E-7   8.1738E-8
  9.7     1.5748E-6  9.4393E-8    8.022E-7   6.5079E-8
  9.8     1.6685E-6  1.2511E-7    8.298E-7   8.6552E-8
  9.9     1.6256E-6  1.4878E-7    8.095E-7   9.6666E-8
 10       1.3573E-6  9.9356E-8    7.0512E-7  6.8943E-8
